function [t,y] = ex_data()

y=[ 5.524879208575371e+000
    3.748256360406178e+000
   -5.860016295910345e+000
   -2.259218561991818e+001
   -1.029070409408273e+000
    1.802576740706451e+001
   -1.748844847116236e+001
   -1.967614791085988e+001
   -3.029075830517142e+000
   -2.272252170462600e+001
   -1.414435952809090e+001
    4.500673382342850e+000
   -1.823035758927173e+001
    1.871364063280423e+001
    1.350260036462451e+001
    4.386231418899101e-001
    2.543846873926992e+000
    6.969388120209278e+000
    5.104692583818109e+000
    1.115552162950486e+001
   -2.417092606860792e+000
   -4.907340938156311e+000
   -1.488010855635091e+001
   -2.014063289808842e+001
   -1.828476718623007e+000
    2.329466466846102e+001
   -2.426262323883291e+001
   -9.844977734204838e+000
    3.319050629487823e+001
   -1.073183197144963e+001
    2.186023876705141e+001
    5.278822927265683e-001
   -1.757731101638257e+001
    1.160590947297927e+001
    2.808569355284627e+001
   -1.507112929994857e+001
    1.126227092128777e+001
   -1.721489290443424e+001
    1.293558592648199e+001
    2.377601853245659e+001
   -2.372958013856326e+001
    3.179344755528091e+001
];


t=[ 2.581787157143367e-001
   -7.903249891429791e-001
   -2.992092526048466e+000
   -8.099085296550339e+000
   -1.326579121559197e+000
    4.184703954581499e+000
   -7.680635348744986e+000
   -8.438306356984333e+000
   -2.614941835689796e+000
   -9.327432438418004e+000
   -6.156992491407783e+000
   -5.728030905932204e-001
   -7.101543600252617e+000
    4.356710554266678e+000
    3.234285560079984e+000
   -1.362591735721841e+000
   -1.079302276987256e+000
    1.666306751624820e-001
    5.617574558415246e-001
    1.457560328514111e+000
   -2.783558663345668e+000
   -3.270454850639428e+000
   -6.534674696873256e+000
   -8.277630348819136e+000
   -2.133272603216242e+000
    6.087357744615225e+000
   -9.778386251897731e+000
   -5.337735645164613e+000
    8.677011718357452e+000
   -5.464049566287571e+000
    5.718939404803766e+000
   -1.785423463110544e+000
   -7.612144498905234e+000
    2.687406899727606e+000
    7.247763721853385e+000
   -6.835126810164716e+000
    2.023701561625908e+000
   -7.647853753365508e+000
    2.521967185904257e+000
    6.702493492841018e+000
   -9.500000000000000e+000
    9.000000000000000e+000 ];

return;